3874571
3322793
3380243
551207
3539399
5737769
1422977
626887
3053059
669077
3112253
6634447
1346461
3517751
953977
6061921
903359
4351409
3335503
3685951
498577
751123
701581
1488847
1312681
3578599
950617
2736941
2724503
1367749
710257
7034221
5520863
4793897
468761
3988289
4572437
3356341
961733
1272577
558149
5105957
5171963
6357019
3831101
3683677
4959949
4228759
905587
4678679
7167301
4685333
949471
1248083
6351481
808147
1273757
512537
818219
1246351
598651
3407501
579433
5471023
5475851
4811927
3575861
6437107
6795587
3341411
618361
2925889
549977
1410449
821879
858269
1307461
1134037
6210613
944969
633967
524509
1406959
3403639
5756977
4212557
483397
4564907
1267943
2426621
3807539
903919
2732911
3075971
4260721
1462679
7020757
6341087
618361
3699257
752977
5618209
1240487
6374213
7142269
4320443
1342987
1351919
3188987
844141
621289
4797361
2757563
3807751
643729
6569627
4108469
626987
3736639
4442261
7190657
4079191
1396657
2865157
4412293
4609489
3372251
681167
5095379
969919
1380443
1369057
1055423
927259
3039313
4257961
620251
5054167
1473077
688627
5427943
5660071
689131
2731163
792689
887819
3616757
2786219
1418621
3642581
620377
3759761
942719
3610811
5920121
855293
7256363
968111
1492657
916103
950617
2331409
1077059
5138311
1331497
3971287
2623169
783359
2378977
1123879
3857141
1294367
1383913
500459
950617
558893
1134391
4077041
2815937
512929
468761
2449877
4668991
1466653
3612247
5902807
6086807
2468069
531821
3899279
6151427
5039581
3282511
5712431
3101041
2979661
1332187
1460653
1278899
6646207
1142473
511163
3485513
4155989
2669897
1355131
4388861
1166687
539797
5545901
7130441
1051621
2457079
2799397
594467
603833
4038907
3386653
6886973
4780967
2346587
3026633
2313977
486977
7137631
1028411
3479057
6048773
513319
6249619
697523
4282001
2804569
1209199
3099809
4521343
1387163
502421
1139141
3114931
4189741
3260167
4089581
994051
1057741
2817481
3075971
6987293
1064159
3643669
4106701
494743
1478759
861089
1067159
6852247
5367587
574801
2924183
3854089
5340523
724729
6884993
4961213
1101691
1341737
4237501
644701
3520603
6059153
517043
3288023
4774283
2807851
1048589
3112069
1505611
1467157
5626193
2355247
3994481
2942629
4400111
1164433
1434187
969821
2890813
3325243
1099433
4761857
4493009
890159
3136127
7267181
3049741
3688801
4234367
2969017
571339
4337287
5768327
4344077
6738751
768329
6690347
2762713
5281447
485753
750203
3162359
526307
882587
3437957
1446457
5785589
1189897
6615913
816133
3344827
3331981
994229
4257961
6345659
1140929
1020013
1114213
4620391
1254479
2777651
3543583
6382007
618029
2970769
971917
3895391
637291
856181
3859327
1165711
5584039
3273899
619897
6504599
1124687
3579959
815953
4791377
2846119
993919
3265541
766967
1395871
792481
3645683
1402309
4610147
1488451
4043701
1346363
525241
1008229
2512033
3283087
652591
5716961
3002669
2727953
3327713
3406709
3168617
544099
6313459
3985337
4740389
3589153
3511213
814237
3743497
1050913
6530717
992371
528043
3784943
513649
7213069
1044697
2924353
765623
2938973
475681
651697
4403627
874403
3843361
7264189
830861
6141137
3699257
466957
967627
713501
5654813
3757361
3010489
4773053
662287
721631
4514357
512419
1118599
4626121
1164199
5657627
3349667
528401
535607
3482189
1071821
1321063
1418621
2867597
659621
4074281
3071197
522677
616277
1288709
1174273
3779813
525433
6080881
3471617
2684069
1447507
1384913
4132577
551489
3400333
971021
2746801
1417523
684379
471997
2894813
497389
578729
937721
3544433
797359
7233229
1414507
886433
513533
3831649
3303109
702347
1425121
4027501
5823193
605117
1000453
1014229
3507421
7011547
3991181
1005359
4035751
1057663
4764577
2422111
806291
699529
3150947
3891263
3709249
3368231
2950873
6091669
642457
2500049
1243691
3319439
5983531
601267
3146911
858631
859609
4693223
1217143
2731823
2370829
800533
512717
1488871
784717
1038383
3289933
4441433
2501281
4666903
3854671
1484243
1281677
3507421
4682309
1451641
621143
634061
3342103
1057663
1078151
765137
577123
1350553
480287
3511301
676241
4859507
1331611
6890833
1376147
4488343
6433129
6104837
588383
2726701
3789067
6688079
4183013
890887
1507057
3249263
1056109
5311601
3992519
2737061
3736739
546179
7098379
2465909
1034771
901687
887671
4099517
1243859
866743
1316761
572827
5634823
5217601
6018659
3357181
520679
3282889
3642839
3859673
3876641
3978817
725587
971989
550009
1443719
1420123
995243
619111
2857643
4293343
3603469
3229241
3874571
3193667
3795469
2347229
840331
5649587
1279667
3587449
5060873
3735541
3453673
1155961
549511
2834329
5241569
5070217
849223
1352963
3921217
825509
4483849
3594343
4741271
4276513
537847
5899241
5549087
3516001
3044791
3352277
6990253
707747
479561
3561643
5403659
2343743
4237759
4660133
1417699
3323447
3042913
4328711
2479381
616129
2785589
834299
3499333
4468327
535061
1468667
679037
4257611
732959
6278179
1240777
905339
1345783
6005687
4995691
914429
3133901
1054531
878567
6077557
507029
6016859
1153367
553369
1436627
610741
707797
2907533
518867
890609
485123
5148859
710683
3269969
519373
2872669
2751571
4630349
6587267
606181
976309
3299851
482759
596507
806291
3985951
3161579
4787957
2793853
3052381
1385057
884423
5854577
2524309
895051
3577247
692191
1236623
3066611
1332757
2923351
6982489
944473
957959
573457
3494857
3635617
1462939
1282387
3009491
599143
4406453
1327987
2900857
4170679
575137
2757323
2990749
663563
1296949
5523527
3444631
579881
478259
881449
1003411
770881
3342457
3066911
3190289
2785357
1378387
4539877
5185781
1048127
1180009
1098593
3410629
3076231
818287
1251697
899057
3992797
4020323
3007847
7091927
1078151
4329709
6428153
885977
5520707
6005789
1109309
3094709
712927
6938189
6824723
576299
644701
2586719
3503449
627973
591067
7124291
1175849
759923
1494641
3447251
1278899
3985057
1091371
863377
3729809
3943171
571799
3456337
5485457
1496149
1033759
2954183
3951071
512929
471607
2867719
3402803
4724669
2796751
7205761
4604641
3982417
3676193
1180691
538723
1248061
1012103
738707
4073893
2390539
4300013
5569799
3553061
2808847
854257
664633
3067657
815527
1426643
895231
974009
1134391
3454027
4470997
3137081
903641
4208689
3218261
2798129
1033271
1078681
1098707
1185089
4147103
7181687
2948711
936361
639337
7233299
3251047
4286957
1398473
1042273
1021861
944473
491639
1237967
5283469
2449877
1075433
3431437
1355881
549977
2559077
5559889
6054157
3435863
4141691
1254241
3404741
4797251
561229
1001569
512591
1158407
821941
842173
3132979
2454079
895291
2477413
2334779
2363393
541523
537379
3612281
1378151
885331
1040717
694987
1217647
1107581
3227921
1414957
4119923
859051
517501
5035369
6854251
2576159
5405783
714691
5328229
4452211
568433
2379203
803963
2895301
1018981
3472933
6970693
6912709
2972279
1473793
718741
3171967
6980173
486977
708733
971693
3027133
754427
705073
3668921
3600563
1030439
5003771
5445911
4191991
700597
5039747
512977
626783
3047311
474949
497239
583859
4317497
1483549
3396091
3176981
918497
777389
1314283
1307519
3282511
5618909
779579
5462173
3610619
682337
2958773
632669
2723947
6215333
2945611
3674323
2337793
3847549
1064549
5827823
4647547
739759
1324391
3127753
1473793
2562337
1060313
3225163
4524343
4519727
3135617
988129
6117281
5814923
1031869
3951509
707431
1298191
958261
5386237
1450103
568679
597599
961399
2426621
2961671
3144571
2387023
7146133
3883933
4081487
3524093
534923
3868213
6374341
956143
1329011
3732551
2866901
792041
3566149
5572961
658807
3986377
1134391
1266493
644197
1026911
3533767
2753323
3365707
1439147
3525209
852581
3904249
3034751
587101
759089
3495643
485701
5691899
1309939
4043701
6044149
619111
1337527
963847
3986063
654187
3920933
4327511
1242217
4424977
1460177
5764541
3852257
5567773
3169217
485311
3053891
1107727
1266077
779827
1483397
616207
1235653
5818159
989071
1089161
869579
3854797
964219
1066159
551743
1298191
3439291
549977
2807851
4730603
492253
5732999
2943821
7090397
865511
633797
2788699
1190851
3508201
631429
828209
544781
1181633
2769359
6294161
4821529
4628311
3796733
4245149
1464137
1437659
4657241
605977
4577513
573977
533809
3408073
949811
3397117
1374613
494939
4727449
2903111
4243511
3984133
6616591
752627
6663493
1170089
4069139
6497053
1122659
5271319
3990617
4034089
773533
5919437
1254377
1288829
1429969
5687497
598651
3240607
1200233
574163
3576401
2989937
5774987
830447
1462463
4008881
3193381
5768057
6214541
1432031
2763793
3335503
956147
709649
3919183
3421861
6137533
481469
1338653
6599981
591421
670447
2826107
934009
2316497
855293
5010883
4164977
618119
3342151
792041
2954183
667867
2942761
3475673
3529109
6305809
3277699
3054721
3348841
1049821
2981501
1201049
3575981
822739
4655047
585077
4560527
739331
5801843
3014611
4038187
3042107
1417699
538649
557747
6487049
4354253
727561
803963
1295113
4137857
1178263
5426207
3481637
5453809
2730011
3733031
1369787
6316393
1425169
3010489
2975983
3266047
1214047
489457
2972279
1001527
700429
3336469
610741
4268177
696481
1157503
1057663
810193
4957817
2984717
7276597
553369
1234039
5530181
1207757
3355423
3206543
2717623
518543
3570877
1394753
4557977
1324391
4286543
6087839
557747
1247189
6152093
1365811
810923
580301
1196089
2309893
3472883
4495037
651857
2457421
3005521
1474141
674249
537847
721709
523729
853999
633967
3290459
4065541
719353
2705779
2393561
3818407
3481633
485263
1111087
5095549
4755521
1018357
473497
2757563
550049
3511127
1067083
2892191
4757183
557747
7163797
4682357
3004759
3787561
852581
4457093
4619569
885497
2899139
795659
2544293
4113691
538651
6167033
686789
3968761
2814761
4191073
2900503
4971587
3816497
4899467
3206029
695293
936557
1460021
4936033
1263337
561943
522959
2524031
491773
3943921
3942907
3129257
2426621
6090779
895231
571871
655643
5960599
5640919
4742011
7231801
1440239
4721741
1002263
4060999
825389
1104209
2788699
1056169
626317
2656453
3874571
715643
2728247
1181507
5341103
588097
1306099
4412423
1388479
1417699
886999
2391331
1046657
2807209
6752401
659453
3525727
527701
7174997
3563957
2798359
596987
2909957
3627167
2705569
593251
549977
1003411
2815937
3075971
519131
4391089
1219991
3519413
3970111
4989461
3754763
3870847
477439
546683
5476859
3386891
1429553
1504949
3695507
3843617
4788941
3672619
4146253
4477573
1332343
742151
1023133
2871347
6174989
4546403
1455683
3242881
1482307
7279039
2494333
3287033
1072919
676337
4719053
929549
1470977
1477807
3137627
3888389
1007299
3495553
4245611
3410431
1418581
4439341
887573
578957
2759369
3026509
897373
1077977
6576683
3616813
2777483
2807899
4462343
636409
1352657
1010809
3757933
3591967
2426621
928913
4350043
5359633
778187
5732219
787123
6701263
1038797
4012207
3615431
1134467
3994189
1467307
1326001
1071457
813443
508349
490169
7125067
3414017
7257017
3459403
3308467
505187
1163167
610847
615521
4229231
3708017
3814501
3667537
517501
2472947
5342297
1183333
7132291
1286843
6030383
3112463
4108469
6668429
2818103
769627
3354667
6752957
840061
3447641
6565721
2846647
647743
3414017
3260573
1131467
6334607
3532691
2760463
3588917
904019
661613
1142881
1128761
4226297
1449241
3794503
4843277
6966823
4779277
1463177
639631
2905027
2705663
4786811
1034251
5892529
491773
765437
466787
4761203
1011229
609589
4753789
4564319
858281
3934823
5718901
5073857
635983
6389771
492251
4183639
757307
6188873
1362551
701413
1120883
6346181
2631509
3297691
589207
997651
4245743
1136041
740897
1095541
1083757
5916061
7224761
3206993
710887
6434059
1383521
1332361
852809
1476023
651097
1228441
3511679
3776713
1257563
5540141
608677
4241987
699641
910109
3501611
4299089
5404123
2454671
4731319
3385583
482621
2911483
603881
4522633
522251
1175711
1438991
558473
3612281
5151617
4790593
535607
3159677
1402439
768329
517711
3982801
4446331
5787919
1411271
5288653
4158367
4417121
3989837
4938103
4607011
991187
3626611
1062697
1085473
911681
4736653
2619223
596363
4124717
541721
1033181
3035479
4944319
4779277
3539083
4846679
766679
3363643
3322523
4380151
3883933
473833
542111
1123597
3953827
640957
5450801
706183
949513
3693637
3459403
4398353
4483889
1484243
561943
1363897
1058999
4778027
3227879
499649
3836143
3938513
662111
3110579
541817
561377
1210787
4956451
1103617
1343491
5031811
480287
6500063
4124717
7005403
4290107
2611621
6920387
1059061
3150571
3807751
971027
4540807
2938987
1017209
3526513
3512051
966997
6122063
3032789
5671613
6863873
3437653
5203631
6110261
1035403
4277759
2806211
1284551
6952639
5497433
4802921
3939671
5809327
3251873
560761
3337861
2508511
1355623
4781669
539507
1352873
475681
3794503
2815937
1244483
1327987
694361
1288829
4132313
4327373
6987823
2682527
5693047
6103183
1139531
3928709
660643
907843
3004759
6545167
892861
3193189
519733
2480897
894407
3087859
2742227
3156259
480731
508943
627353
967763
557633
809443
1149857
3567539
1298537
2921173
1245001
2818103
3507367
1055531
3621181
1498429
549979
5277799
3504481
997651
1092643
3135773
3043769
2737937
3280681
3642833
4389029
3147143
1113887
917951
6423811
2412811
1020361
1078151
527159
5341103
880813
800599
3004759
511583
965893
4417121
501299
2759369
3225029
3159677
6062327
3908131
4184743
1002101
520837
699641
947893
4177127
1410697
4721441
2451643
3010489
5243647
4372763
3563953
935489
648293
7142633
488339
5644103
584279
4315579
712927
5965343
4640833
705949
748093
2628407
1240751
533317
2510279
2969189
4243433
754043
1318901
3467353
4124711
4755703
1482577
652217
3894859
631223
3395671
3097993
3278987
3988289
653893
1307951
1114213
4466863
6298541
519787
485347
535013
6352639
1405163
701783
4548107
1437797
4731983
3228427
941249
2975879
6647287
4253531
5402359
5530487
618029
623537
6757813
6397211
1184483
5690483
833873
790271
591113
686789
2503927
3803861
1462171
5240033
2817887
974177
4466879
699493
3432529
801569
3878867
7024877
3132979
3216781
2945951
1097441
933677
2350031
3925213
3386909
1322437
1189897
2604739
574157
4017179
7197517
3163357
4766719
7233299
520721
711133
543161
5284187
635423
3656617
6619693
1228429
2397487
3253777
1049263
3612197
3016291
3028349
1473959
5230733
471997
474223
809407
842087
928453
4924559
3218773
4457093
3899173
2755289
570221
6578197
4870861
6159757
792481
3016147
1415387
1425121
4545839
468121
2683999
3832019
7077223
653749
3997061
1272071
5073763
5262223
827461
527123
3944183
1155859
860063
3155687
4062577
1154411
901013
5468417
1141531
1411271
955711
5621899
6192821
3392953
770179
5808073
761161
3295597
1227701
4216129
4113959
828587
4136369
4612163
4121927
3489571
1034857
547271
4290107
2740379
858899
1259689
683503
2795887
1100797
5554993
661049
2514959
4774283
1190671
3689299
898823
4257961
3620993
2892341
647893
570091
5057113
1184483
3577297
3309689
6100013
1430543
3042913
3949357
1062871
3266381
3892849
3117097
4902593
535609
3626803
4281449
4797251
1014743
5376649
6110261
6585067
2799803
5525549
4580791
551723
4878373
3316553
1337527
3142193
6689611
5266589
840341
935167
3814501
5290049
1486607
1223177
5392819
4390469
1141381
878833
1408987
1196539
556999
761483
5035369
1127837
578483
3730499
6585793
5257003
5402879
1167209
3728149
842087
3467293
3295543
1384249
715193
1306099
551557
616129
657827
699641
3539869
940889
3722143
1331329
7213169
2393653
5657063
4227931
654991
682337
3742009
6915983
621143
782963
2780233
2729059
598571
957959
1394989
531637
614093
3077159
5875937
602891
583727
2727143
950753
3156259
3282913
6442049
1313857
1314199
608977
1305047
543407
853837
4069867
3163357
676463
6650843
3080951
1396711
3177149
2855023
3512053
734971
1066931
1216547
2333483
1311263
511391
6318001
905507
5105641
4592953
4921391
1046579
2932301
2960747
6596383
1418297
895691
3612149
512047
3377447
4485623
755617
4572307
608677
3655349
597353
690271
894871
631361
7068871
1071457
2346587
944017
3370357
2414507
6688051
2825299
760607
509227
2953537
5753417
845021
858953
853103
2381693
4712137
632323
593321
6148721
3256523
7206223
557021
1267121
1282451
1130953
3192649
521047
615521
1054003
3203411
3010703
1008701
570043
945937
476183
520837
3959297
3105451
3178793
1294393
3212791
3300419
3272669
917089
1412087
620183
4144537
712889
724433
1264733
4543387
3978071
3218191
833821
685609
649361
5900099
1455847
834299
674249
585847
774343
779791
2831167
7007173
5916719
2785873
3674323
1292063
1215499
5886521
1306099
1131467
3099293
1165223
1364339
4181129
5503181
4390663
2972257
854929
746047
683693
811379
4742971
3518651
6118967
5443121
3773047
6127313
468761
647263
6484381
3153467
6630223
3630203
834299
781307
971027
2889079
595081
4481129
6904691
4488343
3897161
1237993
5186261
531229
4159193
691979
608213
5412049
714691
834299
468271
5179099
3987407
6362453
869437
3345847
545117
3545083
520607
6181103
2458133
618029
1351981
2702309
4043519
554759
1171633
887911
3531833
3621469
1144907
856927
649361
6524437
4945807
1312681
6807137
3927601
5497883
535607
699529
485899
928643
3288473
3593833
1257253
5809207
2340661
978743
3807751
1220411
687161
4187251
1060313
3907537
5090483
759053
1493839
3282511
2900857
657809
1138091
5981317
3599641
795937
995783
1365127
1103587
766679
6491731
2443871
3910063
4536067
2388769
5956151
3682607
928607
3618761
715259
2742013
634211
975379
4653343
4155989
1271051
2978543
4623781
5107759
844457
696323
6129073
3156259
1181771
5779967
524509
4896211
1150447
3590833
598841
2919017
1448593
1503941
3128233
732191
1007939
5827979
2489873
1165721
3616813
2629933
3883937
2848459
3137923
995243
2950799
1335907
1152121
2758787
3708611
6622663
4056769
3678583
5042053
2924303
1431317
3002743
624241
5546389
4255213
689921
7204943
2998601
519787
2939177
1399427
3064121
537673
1319687
1218421
3309473
738643
649361
555461
1003943
5777903
3333163
4625431
3840059
1139003
2843527
4195231
6454223
1355191
3326347
3072703
5585473
700307
1229141
489427
1158271
1299919
4157723
881939
1150141
7207301
4065653
1042369
3413801
510401
4991201
856733
5430757
4430731
587563
3575003
1289083
3222211
4244161
2848561
6288857
5803891
1459957
613199
1129957
2924869
3387679
2435201
3645997
2986741
1130863
3698363
6270113
3662053
511123
538649
675419
1378147
3476419
866051
643567
4595581
553051
4314581
953977
5645881
2868473
2444681
3047683
818287
570043
3381641
3698363
1378147
2474723
1385039
5005877
1009507
897703
4182809
3959093
5472143
3265903
702913
573119
4686821
6234343
3222083
4204441
710257
1009609
697891
6858491
4554881
1414373
6767689
2361353
2743669
3472883
2767913
1343791
3573697
1181699
3282511
3301217
970861
641981
836789
1402081
577043
2905027
4294067
6061123
1268467
6582889
4113691
467009
4423619
4200587
2942033
1181699
3762599
4557607
732209
3414377
3235789
1156751
1315961
748687
1390409
3929773
473647
3496109
2732473
468121
6031717
944473
1403813
3738017
488441
1306099
3988961
917227
2820787
933839
4670867
6099697
5956549
561229
832189
646993
1306589
6449413
7079671
1417417
2769359
634211
1134239
1080899
4092007
3789067
988951
3844747
2733649
2765183
4754437
4973329
3421793
523907
6388189
1362341
2913401
1339381
530353
5283569
6351911
1056169
4071589
1390343
2390879
3410597
1479437
4360397
4445737
4190269
2817583
754241
3109199
5585071
1470323
652931
4335313
3632599
3899737
953977
478481
4722967
484607
4594969
3555007
2788091
5686217
1096817
2426621
3542549
2845603
5149013
5514371
477539
2807851
2956003
1505611
3983633
2963281
657127
1306027
2347549
3534743
2784049
2815937
1153261
1189003
3888463
1197409
6135683
3186709
3507421
662287
3725443
521363
5372803
2365667
6098557
3195611
3994189
971693
488339
575257
602977
3735379
1279673
535159
1243141
822739
782443
926017
3381641
1246093
1124369
3155687
2494447
6056653
762809
4260721
5024057
575257
3683803
6662041
1406543
3404567
1006987
1168693
1370471
668029
5120729
2773313
991063
4757183
2523907
726181
5605337
4454699
3557761
5507081
2454841
3231583
3329377
3877681
7068773
3241807
3232961
855331
1245001
1254553
3589589
514859
3551549
1088623
699641
4248131
3879817
3584377
5093573
3033739
3355349
1185367
4690811
2799751
1086529
1094957
3845381
1030949
1040183
1475431
2909377
1179961
7214959
5947771
585043
735473
529007
1242107
602627
3624667
6299701
2376817
3109969
1057663
3186709
542153
3755513
1030987
595481
6264341
5723383
3717971
5551633
732769
676891
3863303
598841
523949
1020893
1306007
662353
486833
2963231
980641
497137
1125557
486833
564497
1180423
827867
1193653
3962489
572251
1066279
6551177
5035369
1388411
3949867
5693047
3874571
3594907
776483
1211531
4784627
1113883
1383451
3197771
513481
6453247
2708701
561229
3941689
699641
5575259
7119473
1275611
1453729
1425889
4592339
3318193
1247777
4519727
662111
648293
799853
4837793
2426621
4099699
765623
790057
1448569
6427651
739331
858101
2611541
3411599
3178159
756289
3522653
5797327
546781
3537119
3338263
1280651
3162499
2984717
882701
2890301
1002719
5404123
5580299
3463433
3240911
4495009
3655349
3561317
4365773
6874349
699641
5567207
5379403
908377
695069
6497369
5549909
566441
4770401
2631509
955511
4174981
2525053
703907
6099547
833009
937927
593531
2935417
800741
1235831
3630223
549977
569267
3885727
4140109
612349
787057
1180423
494713
1424513
4215089
710959
613471
1365877
4290991
7281739
1350641
637229
929239
1390489
7090129
993589
552791
1008701
4089853
1346999
3863681
3385313
846931
6306821
3427027
6061091
3462037
4335437
3831043
6549251
5957723
979553
3794507
2935837
4577477
852253
4336159
506911
5035369
5902367
2390831
3690881
5848747
1132697
521693
6682729
3344819
4098461
646571
1248061
767153
792107
5536369
6041569
1128037
3845693
3342413
6343927
1357091
3957049
6212321
2979841
4437347
2493563
1105571
694361
1023329
484597
1232221
3794719
1158643
685093
512597
3419491
1224533
5735357
1116091
5524523
6795067
3020167
3542549
3379223
1018711
4757957
1267121
1034251
6324067
1209577
675931
3384817
3792983
3317581
586903
5457671
5921789
7028299
6058109
739957
2815447
2908771
5137789
513319
706729
3529583
2753417
1183333
836839
939971
5556653
814609
4152289
5043517
3540109
4090403
555257
2755211
3841301
1074251
905507
1078151
4443497
3325991
682607
874859
736063
3262397
2743387
1351249
6283637
3201131
528971
694871
5719937
6568127
6646361
695411
3832019
1309829
635731
3010489
3841883
3045949
3902347
5070251
950753
1062497
635387
4574897
589021
1332187
1062797
3431171
750383
707431
4883719
4191349
6374911
525377
3157571
2921729
616897
6739363
3197231
942637
562361
1105537
1162081
1503767
2815937
498791
4793513
791951
2511911
6587981
3679661
2426621
4126523
6359917
768329
1003943
572699
6190823
4353653
888161
895343
1259689
5248057
4726721
867577
2735279
631931
960049
5739749
6947329
842089
484151
1114213
1032467
3404741
3193423
1445303
667577
679597
793099
4989349
1058021
4665473
6014161
656819
3649397
2767529
471403
6346433
6669059
5259857
693943
653929
684451
671431
619181
3144599
2927863
2983151
3348017
1305893
3374923
4542479
3474313
2948159
1419337
1312183
3825953
2945149
476183
2820347
4932881
4022671
699641
944473
3482707
4863553
807571
3966239
6975343
1273757
2755289
3649469
2484017
5565821
849571
760321
971857
6333101
642077
589997
3846629
1287401
719981
3192599
539503
6288353
4486673
3731621
1408289
5500463
815159
6829279
2697797
522479
3872459
1116889
1006279
3505031
518101
2723563
689509
2872897
528629
4076411
3211319
2942033
1152493
6039601
6853421
993997
1466407
4649621
903607
700067
1147351
4670873
1494473
5132689
477439
800117
3309473
817787
3986063
831583
2363807
3155021
1128761
525731
3071513
2764373
591089
1135327
3340769
3466739
847453
834299
2498539
3974387
4050283
4411817
862627
6044023
3135529
3010489
3165163
3679129
6998861
782963
4206583
3120319
3020261
626251
1349533
961063
1242959
5647087
3116807
5429597
5169317
475207
4673957
2791807
5738471
1406077
5670937
665207
749653
1191109
709673
3846277
657269
1462679
2364407
825389
2957327
836071
3146021
574127
1131379
3904603
6825407
846871
4159193
3702983
2585123
2374523
4584691
3746473
3026633
705949
6931187
503039
854257
2924353
769871
4403939
3386909
6525919
1220257
6928793
672757
3339179
1360087
569083
6241693
4942073
5687999
685987
3236509
3473549
4061381
3826187
2508511
4873163
2857333
1030297
615313
1020893
748687
3879817
5598727
4124069
3135037
4561477
4212181
483347
1086893
792821
6531769
7009313
736357
2372347
3916469
3497717
1126759
1415741
1495177
615793
3764239
3595409
2820787
551489
665011
4272529
774001
1459957
2755211
3654641
699449
6618659
3063839
5697953
857809
666829
7181231
3526781
3940309
3167929
729037
535487
2931553
2343361
3461729
3710701
3293881
729373
4548121
961847
1079291
4828129
508811
3973483
4348493
1490479
4109899
2724979
2560049
7044757
3090089
3155359
5674033
4148797
985997
965411
4109737
5196379
3494969
3507421
3455269
1103591
6904081
578957
4265311
1159259
666511
4445543
7174997
5638811
1211797
1063903
2382481
3942643
2426621
3994537
978001
988643
4661347
3497861
1438991
2900333
2329507
733387
759659
833009
3536681
3058843
1008257
1331381
1417931
840179
2333621
1026979
3060373
1248799
6156989
2998573
1433371
4053787
2851481
4683739
1421471
5195653
3387869
4358441
817897
6559519
5019649
3415187
3587687
579877
3431437
3254863
934387
574159
1422437
1446427
2860477
3555229
2741603
601897
905659
1009439
4693223
3244463
6250303
944473
1163753
1262783
3795923
834299
2764247
3090761
6294161
1446889
523969
6930071
5195221
739759
3279803
2949733
503549
5057113
3605341
5550301
3066611
5549087
1294393
3976969
1375879
1015127
5735711
3059659
522677
3881387
4313129
1227649
3979163
1347617
4527823
4714097
577043
3624919
932917
3959729
2790779
3065809
4104977
485201
644747
1224437
6858491
1398493
3678517
855331
1212251
752993
541201
1462679
4257961
2774801
4270699
1038827
565613
649063
919447
3974371
2465053
3077903
2924353
810419
556177
3631469
2716687
6999071
5392819
3525727
5199479
2449877
1096817
2398157
4643069
5185927
840547
2765183
5697673
3150271
630659
4215403
4308257
2617141
5583203
2920693
6784033
939443
549977
2822669
539303
4036177
519067
2905027
4340533
4233563
2542103
